# this is derived from https://www.nature.com/articles/ng.3760#Sec12
# contains 241 signals for either CD, UC or IBD GWAS.

Chr	topSNP Position (bp)	topSNP rsid	LD_left	LD_right	Number of previously reported GW significant variants in locus	topSNP P value	Study where the topSNP was reported with the smallest Pvalue (PMID)	Trait
1	1247494	rs12103	1193586	1346703	1	8.00E-13	23128233	IBD
1	2501338	rs10797432	2470671	2552217	4	3.00E-12	23128233	UC
1	8022197	rs3766606	7809383	8189936	4	8.84E-18	26192919	IBD
1	20171860	rs6426833	20133810	20238343	7	8.56E-69	FM	UC,IBD
1	22702231	rs12568930	22652911	22731392	3	1.00E-17	23128233	IBD
1	63049593	rs1748195	62900811	63202258	1	7.13E-08	26192919	CD
1	67707690	rs11581607	67206042	68100675	29	8.76E-175	FM	IBD
1	70995562	rs2651244	70991829	71035970	1	2.00E-08	23128233	IBD
1	78623626	rs17391694	78349467	78623626	1	2.62E-09	26192919	CD
1	92554283	rs34856868	92362377	93035991	1	9.80E-09	26192919	IBD
1	101466054	rs11583043	101293753	101587145	1	1.92E-06	26192919	IBD
1	114165757	rs2636006	114165757	114447914	4	2.34E-42	FM	IBD
1	120451190	rs3897478	120437718	120638503	2	2.00E-11	23128233	CD
1	151801680	rs4845604	151801680	151801680	1	1.21E-17	26192919	IBD
1	155230131	rs3180018	155053719	156011444	3	2.00E-13	21102463	CD
1	159799910	rs34687326	159799910	159799910	0	1.06E-08	NOVEL	CD
1	160856964	rs4656958	160837622	160919496	2	2.05E-11	26192919	IBD
1	161479745	rs1801274	161460211	161638410	3	2.00E-38	23128233	IBD
1	169519049	rs6025	169090748	169733566	1	2.51E-08	26192919	IBD
1	172853460	rs7517810	172803958	172871681	2	4.53E-22	26192919	CD
1	186875459	rs10798069	186862512	186967702	1	2.49E-07	26192919	IBD
1	191559356	rs10801047	191438042	191795390	1	3.00E-08	17554261	CD
1	197701279	rs2488397	197342380	197822994	3	5.64E-18	FM	IBD
1	198598663	rs7555082	198598389	198730097	1	2.54E-09	26192919	IBD
1	200101920	rs2816958	200074018	200105746	1	2.00E-17	23128233	IBD
1	200877562	rs7554511	200874229	201025850	3	3.20E-44	26192919	IBD
1	206939904	rs3024505	206939904	206969339	3	2.99E-50	26192919	IBD
1	209970610	rs59043219	209965283	210019701	0	1.09E-08	NOVEL	IBD
2	5664008	rs11894081	5651813	5693857	1	4.00E-09	23266558	CD
2	25097644	rs13407913	25075281	25506107	3	1.69E-20	26192919	IBD
2	27730940	rs1260326	27598097	27752871	3	1.74E-21	26192919	CD
2	28614794	rs925255	28602911	28647084	1	3.00E-15	23128233	IBD
2	43806918	rs10495903	43451957	43864089	2	2.00E-14	21102463	IBD
2	61204856	rs7608910	61186829	61231014	4	2.60E-36	26192919	IBD
2	62552321	rs11679753	62549284	62723474	3	2.65E-12	FM	CD
2	65667272	rs6740462	65557287	65693513	2	5.59E-12	26192919	IBD
2	102939036	rs13001325	102610642	103176797	6	2.51E-23	FM	IBD
2	145492382	rs11681525	145417530	145627269	2	4.08E-11	26192919	CD
2	160794008	rs4664304	160707866	160879971	1	2.61E-08	26192919	IBD
2	163110536	rs2111485	162992004	163237390	2	4.60E-09	26192919	IBD
2	182308352	rs6740847	182308352	182334753	0	1.22E-13	NOVEL	IBD
2	187576378	rs144344067	187497988	187684426	0	1.29E-08	NOVEL	IBD
2	191931464	rs1517352	191907655	191972789	1	3.87E-14	26192919	IBD
2	198896895	rs6738825	198386175	198954831	2	4.00E-09	21102463	UC
2	199560757	rs17229679	199362905	200152198	4	7.05E-20	FM	UC
2	204592021	rs3116494	204585502	204649276	1	5.11E-07	26192919	IBD
2	219151218	rs2382817	218941916	219192755	2	1.13E-13	26192919	IBD
2	228660112	rs111781203	228646855	228664568	1	2.16E-10	26192919	IBD
2	228670476	rs1811711	228670387	228671736	0	6.09E-09	NOVEL	UC
2	231097129	rs6716753	231083171	231187167	3	1.98E-17	26192919	CD
2	234161448	rs6752107	234143048	234208258	6	1.42E-73	FM	IBD
2	241574401	rs4676408	241563739	241608453	4	2.59E-30	FM	IBD,UC
2	242484701	rs76527535	242471730	242489453	0	2.87E-08	NOVEL	IBD
2	242737341	rs35320439	242724543	242740537	1	1.73E-05	26192919	IBD
3	18767404	rs4256159	18610175	18825669	3	9.00E-15	23128233	CD
3	46457412	rs113010081	46183180	46461783	1	4.21E-08	26192919	IBD
3	49721532	rs3197999	48446237	49731861	7	1.55E-52	26192919	IBD
3	53062661	rs9847710	52962681	53174638	2	0.00000001	23128233	UC
3	53133149	rs2581828	53103155	53174638	0	6.46E-09	NOVEL	CD
3	71175495	rs2593855	71163596	71191350	0	2.54E-09	NOVEL	IBD
3	101023748	rs503734	100910925	101270494	0	2.67E-08	NOVEL	IBD
3	101569726	rs616597	101560223	101576029	1	0.00000934	26192919	UC
3	141105570	rs724016	141072289	141154542	1	3.36E-06	26192919	CD
3	188401160	rs56116661	188398642	188404669	0	5.67E-10	NOVEL	CD
4	3444503	rs2073505	3444503	3446754	1	1.46E-07	26192919	IBD
4	26132361	rs4692386	26132361	26132361	1	1.21E-08	26192919	IBD
4	38325036	rs6856616	38325036	38345898	2	4.00E-14	23850713	IBD
4	38588453	rs11734570	38581581	38588453	0	4.80E-08	NOVEL	IBD
4	48363245	rs7438704	48344930	48430354	2	3.42E-11	26192919	CD
4	74857708	rs2472649	74778235	74875713	1	3.00E-08	23128233	IBD
4	102865304	rs13126505	102702364	103547967	4	1.57E-14	26192919	CD,UC
4	106075498	rs2189234	106048360	106271522	1	1.95E-10	26192919	UC
4	123351431	rs1479918	123023206	123558828	2	1.07E-13	FM	IBD
5	583442	rs4957048	523995	697372	3	1.00E-09	20228799	UC
5	10695526	rs2930047	10670197	10759514	2	9.78E-14	26192919	IBD
5	35876274	rs3194051	35815846	35924748	1	4.00E-08	21297633	UC
5	38867732	rs395157	38861514	38867732	1	2.22E-20	26192919	IBD
5	40410584	rs11742570	40219972	40623346	12	2.00E-82	23128233	IBD
5	55438851	rs10065637	55436851	55444683	2	4.00E-12	23128233	IBD
5	71693899	rs4703855	71683885	71694246	1	7.16E-11	26192919	IBD
5	72539850	rs34804116	72502029	72559339	3	1.21E-12	FM	CD
5	96252803	rs1363907	96200770	96373750	3	4.87E-15	26192919	IBD
5	101946798	rs7705924	101629599	101978963	1	2.00E-08	22412388	CD
5	130017287	rs4836519	129723552	130197645	2	4.00E-10	23128233	IBD
5	131770805	rs2188962	130370970	131833599	6	9.53E-53	FM	IBD
5	134443606	rs254560	134422204	134453390	1	8.55E-10	26192919	IBD
5	141513204	rs6863411	141435466	141543989	3	2.41E-14	26192919	IBD
5	149605994	rs17656349	149592334	149626547	0	1.54E-08	NOVEL	UC
5	150277909	rs11741861	149737015	150723626	5	3.00E-37	23128233	IBD
5	158827769	rs56167332	158687404	158856513	6	7.17E-50	26192919	IBD
5	172324978	rs564349	172324978	172324978	1	1.54E-07	26192919	IBD
5	173279842	rs359457	173269669	173393823	4	3.00E-12	21102463	IBD
5	176788570	rs4976646	176781209	176806636	2	3.23E-12	26192919	IBD
6	382559	rs7773324	382537	391623	1	5.84E-09	26192919	IBD
6	3433318	rs17309827	3416922	3445671	1	7.00E-09	21102463	IBD
6	14719496	rs17119	14711961	14734463	1	2.18E-11	26192919	IBD
6	19781009	rs113986290	19716349	19825913	0	7.59E-09	NOVEL	UC
6	20812588	rs9358372	20640424	20891791	3	9.00E-14	23128233	CD
6	21430730	rs71559680	21426743	21444899	2	1.78E-15	26192919	CD
6	32612397	rs6927022	31011373	32778656	18	5.00E-133	23128233	IBD
6	42007403	rs67289879	41999358	42008203	0	3.04E-08	NOVEL	IBD
6	43795968	rs943072	43784803	43801582	1	2.00E-10	21297633	UC
6	90973159	rs1847472	90809560	91012867	1	2.00E-10	23128233	IBD
6	106435269	rs7746082	106435025	106530330	5	1.29E-20	26192919	IBD
6	111848191	rs3851228	111426965	112213778	2	1.50E-15	26192919	IBD
6	116768917	rs2858829	116768917	116818887	1	8.00E-10	25082827	UC
6	127456122	rs9491697	127419737	127532381	1	4.00E-10	23128233	CD
6	128277151	rs9491891	128215237	128339699	2	9.39E-17	FM	CD
6	138006504	rs6920220	137959235	138166068	4	1.00E-21	23128233	IBD
6	143898894	rs12199775	143865221	143924048	1	2.00E-08	23128233	IBD
6	149577079	rs7758080	149577079	149595505	1	1.15E-07	26192919	IBD
6	159490436	rs212388	159472149	159515309	2	1.80E-16	26192919	CD
6	167373547	rs1819333	167360389	167544278	6	7.00E-21	23128233	IBD
7	2789880	rs798502	2752152	2912928	2	6.00E-17	23128233	IBD
7	6545188	rs11768365	6497501	6545335	0	3.88E-08	NOVEL	IBD
7	17442679	rs1077773	17430004	17450531	1	5.96E-09	26192919	UC
7	20577298	rs149169037	20577298	20581696	0	3.26E-08	NOVEL	IBD
7	26892440	rs10486483	26694926	27248891	3	1.55E-11	26192919	CD,UC
7	28190730	rs56691573	28141159	28231103	2	2.22E-12	FM	CD
7	50304461	rs1456896	50096251	50323456	5	7.00E-15	23128233	IBD
7	98759117	rs9297145	98717625	98797924	2	8.00E-12	23128233	IBD
7	100315517	rs1734907	100219167	100433794	2	2.00E-13	23128233	IBD
7	107480315	rs4380874	107435187	107584780	5	2.00E-26	23128233	UC
7	116892846	rs38904	116889718	116917118	1	1.00E-08	23128233	UC
7	128573967	rs4728142	128567032	128581835	1	1.92E-14	26192919	UC
7	148220448	rs2538470	148211140	148253738	1	3.00E-11	26192919	IBD
7	148435339	rs243505	148395484	148576042	0	3.04E-10	NOVEL	IBD
8	27227554	rs17057051	27195121	27238052	1	5.50E-08	26192919	IBD
8	49129242	rs7011507	49047317	49206289	1	2.03E-08	26192919	IBD
8	74007347	rs12677663	73995603	74013420	1	2.00E-08	22412388	CD
8	90875918	rs7015630	90854846	90877546	1	1.00E-08	23128233	IBD
8	126534671	rs921720	126527765	126541090	4	8.00E-20	23128233	IBD
8	129567181	rs6651252	129503666	129571140	2	4.00E-18	21102463	IBD
8	130624105	rs1991866	130589676	130624661	1	2.00E-09	23128233	IBD
9	4981601	rs75900472	4980756	4984530	3	4.70E-48	26192919	IBD
9	34736158	rs9408254	34707814	34768894	1	1.95E-08	26974007	CD
9	93928416	rs4743820	93904561	94124414	1	3.80E-09	26192919	IBD
9	117545666	rs6478106	117535341	117698507	11	5.00E-46	23266558	IBD
9	120475302	rs4986790	120467576	120475602	1	6.99E-09	26974007	CD
9	139266405	rs10781499	138824899	139405093	6	4.00E-56	23128233	IBD
10	6094697	rs61839660	6038478	6527143	5	1.24E-14	FM	IBD
10	27179596	rs7911117	27159385	27182592	0	1.84E-08	NOVEL	UC
10	30728101	rs1042058	30689316	30808324	2	6.00E-11	23128233	IBD
10	35466185	rs34779708	35256960	35554054	5	2.39E-26	FM	IBD
10	59913151	rs1819658	59901559	60065351	4	9.00E-17	21102463	IBD
10	64445564	rs10761659	64349667	64566258	7	4.97E-53	26192919	IBD
10	75673101	rs2227564	75462199	75695724	2	7.00E-10	23128233	IBD
10	81060317	rs1250550	81032532	81067480	4	1.00E-30	21102463	IBD
10	82254047	rs6586030	82214586	82301536	2	9.00E-16	23128233	IBD
10	94436851	rs7911264	94248310	94495241	1	3.00E-08	23128233	IBD
10	101284237	rs4409764	101271789	101320612	6	1.16E-61	26192919	IBD
10	104232716	rs3740415	104222963	104403310	1	1.03E-07	26192919	IBD
10	112186148	rs11195128	112182708	112186148	2	2.00E-10	23850713	CD
10	126439381	rs111456533	126316604	126551228	0	1.18E-09	NOVEL	IBD
10	133172119	rs10734105	133170322	133172119	1	3.00E-08	22412388	CD
11	1874072	rs907611	1873232	1880596	1	1.00E-10	21297633	IBD
11	57203009	rs11229030	57184964	57209488	1	8.00E-09	22412388	CD
11	58408687	rs11229555	58174653	58434545	2	5.23E-12	26192919	IBD
11	60776209	rs11230563	60770426	60776781	1	1.71E-14	26192919	IBD
11	61564299	rs4246215	61542006	61624181	3	2.00E-15	23128233	IBD
11	64150370	rs559928	63956102	64164833	2	3.33E-13	26192919	IBD
11	65656564	rs2231884	65575263	65663547	2	3.00E-10	23128233	CD
11	72863697	rs11235667	72863697	72863697	1	7.00E-09	23850713	CD
11	76299649	rs11236797	76270683	76302073	4	2.25E-50	FM	IBD
11	87125438	rs6592362	87123977	87130298	1	2.00E-08	23128233	IBD
11	96023427	rs483905	96015426	96045998	1	3.16E-10	26192919	UC
11	114397162	rs200349593	114275412	114447782	3	3.56E-20	FM	UC
11	118754353	rs630923	118754353	118754353	1	7.00E-09	23128233	CD
11	128380974	rs11221332	128380974	128396738	1	2.44E-09	26974007	IBD
12	6491125	rs7954567	6487161	6514969	1	1.30E-09	26192919	CD
12	12657513	rs11612508	12560673	12711368	1	1.00E-08	23128233	UC
12	40740223	rs148319899	40388109	40828306	6	5.54E-29	FM	IBD
12	48208368	rs11168249	48195939	48208368	1	8.00E-09	23128233	UC
12	68508122	rs11614178	68469642	68508276	4	2.22E-32	FM	IBD
12	112007756	rs653178	111826477	112486818	1	1.11E-08	26192919	IBD
12	120146925	rs11064881	120109284	120146925	1	5.95E-08	26192919	IBD
13	27531267	rs17085007	27531267	27543781	1	3.00E-19	23128233	UC
13	41013977	rs941823	40678443	41032853	3	2.00E-14	23128233	IBD
13	41558110	rs7329174	41552738	41771476	1	8.00E-09	23266558	CD
13	42917861	rs80244186	42838908	42938329	0	3.66E-08	NOVEL	CD
13	43052880	rs2062305	42951449	43055002	2	5.00E-10	21102463	CD
13	44457925	rs3764147	44406102	44490181	2	2.00E-21	23128233	IBD
13	49595331	rs2026029	49538512	49821244	1	9.73E-09	26974007	CD
13	99956622	rs9557195	99778655	100064765	3	2.00E-14	23128233	IBD
14	69210199	rs4902642	69201003	69307621	2	2.00E-10	21102463	IBD
14	75741751	rs1569328	75700675	75747118	2	3.21E-09	26192919	IBD
14	88472595	rs8005161	88398949	88555206	2	4.00E-18	21102463	IBD
15	38899190	rs16967103	38836777	38925195	2	4.00E-09	23128233	IBD
15	41563950	rs28374715	41367036	41779260	1	2.00E-08	23128233	UC
15	67442596	rs17293632	67441750	67468285	2	2.71E-20	26192919	IBD
15	91172901	rs7495132	91172901	91192408	1	9.00E-11	23128233	IBD
16	11373320	rs529866	11344903	11718433	6	2.00E-16	23128233	CD
16	23864590	rs7404095	23841051	23867776	1	1.00E-09	23128233	IBD
16	28528781	rs28449958	28338039	28955702	4	7.50E-24	FM	IBD
16	30482494	rs11150589	30469919	30512443	1	1.63E-11	FM	UC
16	50335074	rs78534766	50304685	50335074	0	1.17E-14	NOVEL* (Luo et al, In Press)	UC
16	50745926	rs2066844	50511169	51009351	11	2.27E-217	FM	IBD
16	68591230	rs1728785	68554754	68680902	2	3.00E-08	19915572	UC
16	81916912	rs11548656	81910840	81922813	0	5.18E-11	NOVEL	IBD
16	82867456	rs10492862	82866188	82916401	0	1.26E-09	NOVEL	CD
16	86014241	rs16940202	85989464	86019761	5	6.00E-19	21297633	IBD
17	25869033	rs10775412	25788058	25869033	2	2.51E-25	FM	CD
17	32593974	rs3091316	32567679	32625383	3	1.00E-26	23128233	IBD
17	37912377	rs12946510	37902887	38119638	4	2.16E-39	26192919	IBD
17	40527544	rs12942547	40412165	40690118	4	6.00E-22	23128233	IBD
17	54880993	rs3853824	54868990	54949047	1	7.70E-10	26192919	IBD
17	57963537	rs1292053	57801597	58046076	1	9.00E-13	23128233	IBD
17	70642923	rs17780256	70611194	70642923	2	3.19E-11	26192919	IBD
17	76737118	rs17736589	76667271	76833429	1	4.34E-08	26192919	UC
18	12818922	rs80262450	12745889	12886441	4	3.97E-28	FM	IBD
18	46395022	rs7240004	46393601	46395315	1	1.01E-10	26192919	IBD
18	56879827	rs9319943	56876228	56883319	1	9.05E-07	26192919	CD
18	67530439	rs727088	67511645	67562657	1	5.00E-09	23128233	IBD
18	77220616	rs7236492	77183529	77237142	1	1.45E-08	26192919	IBD
19	1124031	rs2024092	1106477	1191682	4	8.00E-22	23128233	IBD
19	10512911	rs11879191	10408439	10600418	5	5.27E-20	26192919	IBD
19	33731551	rs17694108	33728381	33757062	3	6.00E-15	23128233	IBD
19	34656406	rs587259	34653364	34727202	1	2.98E-08	26974007	CD
19	46849806	rs4802307	46847901	47147226	3	9.04E-12	26192919	CD,UC
19	49206172	rs516246	49168942	49248730	4	1.33E-20	26192919	CD
19	55383051	rs11672983	55368865	55386920	1	7.00E-11	23128233	IBD
20	6093889	rs4256018	6076126	6095344	0	1.23E-08	NOVEL	IBD
20	30725648	rs6142618	30696392	31099311	1	6.00E-10	23128233	IBD
20	31376282	rs4911259	31329704	31471012	1	1.00E-09	23128233	IBD
20	33799280	rs6088765	33799280	33882720	1	2.00E-08	23128233	IBD
20	43065028	rs6017342	43065028	43258079	3	5.17E-50	FM	UC
20	44742064	rs1569723	44680853	44749251	3	1.00E-13	23128233	IBD
20	48955424	rs913678	48955424	48968438	1	5.35E-11	26192919	IBD
20	57824309	rs259964	57809343	57829821	1	1.00E-12	23128233	IBD
20	62329099	rs6062496	62270637	62378954	5	6.76E-26	FM	IBD
21	16817938	rs2823286	16781136	16841303	6	9.00E-30	23128233	IBD
21	34776695	rs2284553	34752334	34777409	2	5.63E-17	26192919	CD
21	40465534	rs2836878	40458508	40468838	2	5.00E-48	23128233	IBD
21	45615741	rs7282490	45611686	45634148	4	9.85E-30	26192919	IBD
22	21922904	rs2266959	21910280	21998833	4	1.00E-16	23128233	IBD
22	30493882	rs5763767	30130115	30592487	5	8.82E-15	26192919	IBD
22	35729721	rs138788	35724659	35737461	0	2.95E-08	NOVEL	UC
22	37258503	rs4821544	37258503	37258986	0	1.76E-08	NOVEL	CD
22	39659773	rs2413583	39659773	39756650	4	5.06E-38	26192919	IBD
22	41867377	rs727563	41215672	42216326	2	1.88E-10	26192919	CD
22	50435480	rs5771069	50353919	50457041	1	4.00E-08	20228798	UC
