Age	Sex	BMI
Sample1	22	0	24.9
Sample2	84	0	31
Sample3	61	0	22.7
Sample4	44	0	22.5
Sample5	46	1	25.2
Sample6	100	1	20.1
Sample7	63	1	24.1
Sample8	44	0	30.5
Sample9	40	1	28.2
Sample10	67	0	22.3
Sample11	28	0	24.6
Sample12	33	0	22.1
Sample13	33	1	20.8
Sample14	40	0	22.6
Sample15	45	0	22.5
Sample16	39	0	22.6
Sample17	68	0	24.2
Sample18	44	1	28.9
Sample19	43	0	25.7
Sample20	64	0	25.3
Sample21	55	0	16.1
Sample22	36	0	26.1
Sample23	57	1	29.5
Sample24	45	1	21.1
Sample25	40	1	25.3
Sample26	33	1	28.1
Sample27	58	0	22.1
Sample28	43	0	19.8
Sample29	51	1	25.6
Sample30	47	0	23.5
Sample31	47	1	27.1
Sample32	52	0	21.1
Sample33	45	1	27.5
Sample34	53	0	17.7
Sample35	52	0	25.4
Sample36	73	1	32.2
Sample37	57	0	27.1
Sample38	39	0	27.3
Sample39	65	0	22.9
Sample40	40	0	20
Sample41	39	0	25.5
Sample42	69	0	27.5
Sample43	58	0	27.3
Sample44	36	0	25.9
Sample45	18	1	32
Sample46	43	1	21.7
Sample47	52	0	26.1
Sample48	55	0	28.2
Sample49	57	0	29.2
Sample50	39	1	34.1
Sample51	22	1	29.9
Sample52	45	0	19.5
Sample53	59	1	22.2
Sample54	49	1	26.8
Sample55	45	0	23
Sample56	55	0	27.7
Sample57	28	0	21.1
Sample58	59	1	31.2
Sample59	57	0	31.4
Sample60	65	1	27
Sample61	41	0	33.5
Sample62	74	1	24.1
Sample63	56	0	31.1
Sample64	69	0	29.1
Sample65	36	0	36.8
Sample66	36	1	16.4
Sample67	20	1	28.8
Sample68	60	1	28
Sample69	19	1	15.5
Sample70	37	0	28.1
Sample71	58	1	27.1
Sample72	37	1	28.8
Sample73	48	1	19.5
Sample74	48	1	33.2
Sample75	58	0	29.9
Sample76	59	0	24.3
Sample77	82	1	24.5
Sample78	79	1	23.2
Sample79	65	0	29.7
Sample80	47	0	24.2
Sample81	44	0	23.1
Sample82	54	0	18.1
Sample83	26	1	26.4
Sample84	42	1	21.9
Sample85	46	1	19.6
Sample86	46	0	24.1
Sample87	20	0	15.3
Sample88	50	1	20.3
Sample89	42	1	15.3
Sample90	48	1	29.7
Sample91	47	0	22
Sample92	74	0	24.2
Sample93	33	0	29.8
Sample94	33	0	31.7
Sample95	16	0	23.7
Sample96	38	0	26.2
Sample97	46	1	30
Sample98	67	0	25.9
Sample99	54	0	25.8
Sample100	41	1	23
Sample101	50	0	23.9
Sample102	53	1	27.5
Sample103	41	0	36.2
Sample104	52	0	33.2
Sample105	57	1	26.3
Sample106	44	1	26.6
Sample107	57	1	23.9
Sample108	63	1	22.3
Sample109	34	0	32.5
Sample110	45	0	21.9
Sample111	51	1	28.8
Sample112	52	0	21.2
Sample113	64	0	24.8
Sample114	62	0	14.2
Sample115	51	1	30.8
Sample116	22	0	24.7
Sample117	20	0	25.1
Sample118	73	1	32.4
Sample119	28	0	26.1
Sample120	42	0	21
Sample121	58	0	22.3
Sample122	58	0	32.8
Sample123	54	0	22.6
Sample124	40	1	23.7
Sample125	56	0	19.6
Sample126	36	0	26.8
Sample127	34	0	22.4
Sample128	28	1	31.8
Sample129	42	1	36.1
Sample130	44	0	22.9
Sample131	62	1	25.4
Sample132	49	0	22.5
Sample133	63	1	28.6
Sample134	67	0	15
Sample135	39	0	33.3
Sample136	55	0	25
Sample137	36	1	28.3
Sample138	70	1	16.1
Sample139	56	0	23
Sample140	58	1	28.9
Sample141	33	0	28.5
Sample142	37	1	21.8
Sample143	36	0	24.3
Sample144	43	1	32.5
Sample145	59	1	27.6
Sample146	63	1	30.9
Sample147	46	1	22.9
Sample148	51	0	26.3
Sample149	50	0	28.1
Sample150	33	1	23
Sample151	54	1	34.1
Sample152	53	1	25.4
Sample153	58	1	27.3
Sample154	28	0	16.8
Sample155	26	0	23.5
Sample156	49	0	30.3
Sample157	25	0	26.3
Sample158	36	0	26.8
Sample159	28	1	35
Sample160	47	0	26.1
Sample161	57	1	27.5
Sample162	44	1	25.2
Sample163	29	1	20.7
Sample164	49	0	23.9
Sample165	28	0	23
Sample166	53	1	26.6
Sample167	48	1	32
Sample168	47	1	31
Sample169	47	1	24.1
Sample170	63	1	24.1
Sample171	24	0	22.4
Sample172	24	0	18.5
Sample173	56	0	24.8
Sample174	43	0	18.5
Sample175	51	1	19.4
Sample176	66	0	25.9
Sample177	55	0	34
Sample178	1	0	30.6
Sample179	31	0	23.7
Sample180	41	1	24
Sample181	72	0	17.3
Sample182	71	0	28.1
Sample183	68	0	28.8
Sample184	54	0	24.4
Sample185	55	1	21.6
Sample186	46	1	21.5
Sample187	28	1	29.3
Sample188	50	0	21.2
Sample189	51	0	28.1
Sample190	54	1	29
Sample191	53	0	21
Sample192	33	1	25.2
Sample193	42	0	21.6
Sample194	64	0	24.3
Sample195	47	1	32.7
Sample196	51	1	27
Sample197	44	1	31.3
Sample198	50	1	22.1
Sample199	56	0	21.9
Sample200	52	0	24.2
Sample201	35	1	23.3
Sample202	51	1	18
Sample203	61	0	22.9
Sample204	45	0	28
Sample205	46	0	23.3
Sample206	35	0	18.4
Sample207	60	0	22.8
Sample208	35	1	28.9
Sample209	47	0	22.4
Sample210	48	1	19.1
Sample211	43	0	28.5
Sample212	49	1	25.7
Sample213	66	1	34
Sample214	87	1	27.3
Sample215	44	0	27.2
Sample216	38	0	17.5
Sample217	52	1	27.1
Sample218	51	0	19.8
Sample219	38	0	27.5
Sample220	75	0	28.4
Sample221	61	0	21.4
Sample222	58	0	29.8
Sample223	51	0	33.6
Sample224	40	1	25
Sample225	79	0	19.2
Sample226	45	0	26.2
Sample227	38	0	24.1
Sample228	46	0	26.6
Sample229	64	0	17.2
Sample230	44	1	32.9
Sample231	55	1	20.4
Sample232	53	0	29.8
Sample233	53	1	19.9
Sample234	43	0	21.8
Sample235	64	0	23.2
Sample236	35	0	26.2
Sample237	67	0	26.8
Sample238	37	0	20.9
Sample239	46	0	28.4
Sample240	32	1	29.5
Sample241	61	0	22.4
Sample242	57	0	29.5
Sample243	42	1	38.2
Sample244	62	0	23.3
Sample245	30	0	24.9
Sample246	46	1	28.2
Sample247	50	0	32.7
Sample248	52	1	19.7
Sample249	73	1	30.8
Sample250	57	0	25.9
Sample251	43	0	24.3
Sample252	47	0	34.9
Sample253	57	0	17
Sample254	36	0	23.5
Sample255	50	1	27.2
Sample256	46	1	23.8
Sample257	49	1	22.1
Sample258	79	0	28.3
Sample259	84	0	33.3
Sample260	39	1	25.9
Sample261	35	1	27
Sample262	50	0	29.4
Sample263	36	1	29.2
Sample264	52	0	33.9
Sample265	37	0	23.7
Sample266	42	1	16.4
Sample267	54	0	28.6
Sample268	30	0	31.2
Sample269	42	1	33.8
Sample270	44	0	24.4
Sample271	67	1	29.9
Sample272	35	1	30.1
Sample273	76	0	27.3
Sample274	42	0	27.5
Sample275	28	1	30.2
Sample276	47	0	29.5
Sample277	65	0	31.9
Sample278	38	1	25.7
Sample279	52	0	18.8
Sample280	38	0	27.6
Sample281	52	0	15.6
Sample282	48	1	20.2
Sample283	58	1	23.5
Sample284	58	0	25.2
Sample285	36	0	22.5
Sample286	58	1	22.9
Sample287	46	1	32.6
Sample288	61	0	23.4
Sample289	32	0	30.8
Sample290	51	1	24
Sample291	58	0	29.6
Sample292	42	0	30.5
Sample293	49	1	20.7
Sample294	52	0	29.8
Sample295	50	1	24.3
Sample296	29	1	32.6
Sample297	57	1	21.2
Sample298	53	0	27.8
Sample299	36	1	38.9
Sample300	52	1	27.7
Sample301	21	0	24.2
Sample302	41	1	19.8
Sample303	40	1	23.3
Sample304	37	0	24.3
Sample305	42	0	26.7
Sample306	47	0	28.5
Sample307	30	0	26.5
Sample308	62	0	23.8
Sample309	24	1	17.7
Sample310	49	0	27.4
Sample311	40	0	27.8
Sample312	58	0	25.9
Sample313	43	0	31.3
Sample314	89	1	26.4
Sample315	10	1	22.3
Sample316	44	1	28.7
Sample317	45	1	34.4
Sample318	30	1	30
Sample319	54	0	24.8
Sample320	49	0	27.3
Sample321	33	0	22.9
Sample322	69	1	24.2
Sample323	27	0	33.7
Sample324	39	1	28.8
Sample325	44	0	28.3
Sample326	43	1	26.3
Sample327	43	0	24.5
Sample328	71	0	25.5
Sample329	52	1	24.8
Sample330	50	0	21.3
Sample331	69	1	29.3
Sample332	54	1	23.5
Sample333	45	1	26.8
Sample334	66	1	14.8
Sample335	40	0	23
Sample336	66	1	19.1
Sample337	44	1	29.9
Sample338	60	0	29.2
Sample339	68	0	32.8
Sample340	47	1	25.1
Sample341	48	1	25.5
Sample342	54	1	25.4
Sample343	53	0	18.3
Sample344	71	0	28.2
Sample345	60	1	30.4
Sample346	51	0	23.2
Sample347	70	0	21.3
Sample348	43	1	28.3
Sample349	49	0	19.2
Sample350	48	1	25.5
Sample351	43	1	27.8
Sample352	53	1	30.4
Sample353	55	0	13.8
Sample354	37	0	20.2
Sample355	37	0	27.1
Sample356	45	1	23.8
Sample357	47	1	25.9
Sample358	74	1	24.9
Sample359	72	0	20.3
Sample360	47	0	28.1
Sample361	58	0	24.5
Sample362	61	0	24.8
Sample363	33	0	27
Sample364	38	1	17.5
Sample365	40	0	26.2
Sample366	32	0	26.5
Sample367	65	1	38.6
Sample368	47	1	28.8
Sample369	47	1	24.1
Sample370	50	1	25.8
Sample371	37	1	22.8
Sample372	42	0	25.8
Sample373	45	1	23.9
Sample374	35	1	23.1
Sample375	62	1	21.2
Sample376	14	1	20.9
Sample377	61	0	22.5
Sample378	67	0	30.9
Sample379	59	0	23
Sample380	55	0	24.7
Sample381	51	1	23
Sample382	35	1	28.6
Sample383	48	0	25.5
Sample384	71	0	13.1
Sample385	56	0	26.8
Sample386	38	1	32.4
Sample387	33	0	28.2
Sample388	32	1	30
Sample389	55	1	29.2
Sample390	41	1	30.2
Sample391	59	1	23.4
Sample392	17	0	25
Sample393	38	0	27.6
Sample394	62	1	20.4
Sample395	51	0	22.8
Sample396	67	1	22
Sample397	46	0	26
Sample398	56	1	25.1
Sample399	52	1	28.7
Sample400	49	0	23.6
Sample401	49	0	19.3
Sample402	58	0	28.4
Sample403	45	0	25.1
Sample404	47	0	18.3
Sample405	65	1	29.9
Sample406	20	0	29.4
Sample407	74	0	22.5
Sample408	75	1	23.8
Sample409	28	1	24
Sample410	6	1	28.8
Sample411	39	0	29.3
Sample412	20	1	32.5
Sample413	61	1	29.8
Sample414	49	0	25.8
Sample415	51	0	25.7
Sample416	61	1	27
Sample417	52	0	19.7
Sample418	36	1	29.9
Sample419	45	1	26.9
Sample420	49	0	17.7
Sample421	49	0	23.7
Sample422	51	0	20.8
Sample423	31	0	19.8
Sample424	67	1	20.8
Sample425	56	0	28.1
Sample426	60	1	25.5
Sample427	19	0	18.2
Sample428	56	1	32.5
Sample429	63	0	28
Sample430	53	1	27.6
Sample431	62	0	27.1
Sample432	27	0	21.8
Sample433	53	0	30
Sample434	60	1	30.4
Sample435	32	1	25.1
Sample436	53	0	24.9
Sample437	29	0	23.2
Sample438	50	0	24.8
Sample439	66	0	18.5
Sample440	46	0	28.4
Sample441	43	1	25.5
Sample442	28	0	31.8
Sample443	74	0	23.2
Sample444	58	1	27.5
Sample445	40	0	20.2
Sample446	49	0	23.1
Sample447	45	0	25.4
Sample448	47	0	33.4
Sample449	57	1	19.4
Sample450	45	1	22.9
Sample451	37	1	29.2
Sample452	46	0	27.5
Sample453	36	1	21.5
Sample454	61	1	22.4
Sample455	50	0	24.3
Sample456	44	0	29.8
Sample457	60	0	30
Sample458	46	0	27.1
Sample459	60	1	24.7
Sample460	78	1	23.6
Sample461	70	1	27.5
Sample462	59	0	23.7
Sample463	28	0	24.7
Sample464	62	1	22.3
Sample465	30	0	14.4
Sample466	43	0	28.9
Sample467	65	0	29.9
Sample468	54	0	32
Sample469	60	0	24.1
Sample470	44	1	19.6
Sample471	33	1	32.3
Sample472	26	0	22.6
Sample473	58	1	25
Sample474	35	1	24.7
Sample475	36	0	23.3
Sample476	66	1	24.9
Sample477	58	1	22.6
Sample478	35	0	25.7
Sample479	60	0	24.1
Sample480	19	1	22.6
Sample481	38	1	22.7
Sample482	34	1	29.2
Sample483	35	0	28.9
Sample484	52	0	24.6
Sample485	32	0	18.2
Sample486	46	0	35
Sample487	55	0	21.2
Sample488	4	1	24.8
Sample489	77	1	23
Sample490	45	1	27.2
Sample491	28	0	20.3
Sample492	41	0	22.3
Sample493	50	0	19.5
Sample494	41	1	21.5
Sample495	67	0	22.9
Sample496	49	0	29.8
Sample497	56	0	21.5
Sample498	81	1	27.2
Sample499	46	1	22.1
Sample500	41	1	29.9
Sample501	72	1	22.4
Sample502	61	0	26.8
Sample503	67	0	20.5
Sample504	51	0	28.2
Sample505	45	0	18.5
Sample506	44	1	22.5
Sample507	69	0	22.8
Sample508	44	0	30.7
Sample509	60	1	26.4
Sample510	38	0	28.4
Sample511	40	1	31.1
Sample512	35	1	24.9
Sample513	30	0	23.5
Sample514	49	0	27.7
Sample515	51	1	24.6
Sample516	29	1	20.7
Sample517	37	1	24.8
Sample518	46	0	25.9
Sample519	72	1	22.7
Sample520	45	0	30
Sample521	49	1	25.3
Sample522	33	1	30.4
Sample523	41	0	25.9
Sample524	41	1	18.7
Sample525	46	0	36.9
Sample526	37	1	23.4
Sample527	40	0	22.6
Sample528	42	0	24.3
Sample529	43	0	23.8
Sample530	56	1	31.5
Sample531	64	1	31.8
Sample532	22	0	30.5
Sample533	34	0	22
Sample534	27	0	29.2
Sample535	38	1	21.5
Sample536	34	0	21
Sample537	47	1	17.7
Sample538	18	1	16.9
Sample539	50	0	25.6
Sample540	22	0	29.1
Sample541	59	0	28.4
Sample542	46	0	24.6
Sample543	26	1	28.5
Sample544	53	1	27.3
Sample545	49	0	23.5
Sample546	46	0	21.4
Sample547	45	1	28.5
Sample548	26	1	24.2
Sample549	49	1	25.7
Sample550	51	1	28.1
Sample551	39	1	16.9
Sample552	64	1	24.4
Sample553	64	0	28
Sample554	50	1	23.3
Sample555	46	1	29.1
Sample556	55	1	25.6
Sample557	62	0	25.4
Sample558	59	0	25.8
Sample559	54	0	30.5
Sample560	49	1	26.2
Sample561	58	0	25.9
Sample562	40	0	25.9
Sample563	23	1	31.1
Sample564	32	0	25.8
Sample565	31	1	32.8
Sample566	29	1	27.8
Sample567	36	0	19.5
Sample568	73	1	29.9
Sample569	42	0	16.8
Sample570	55	0	24.7
Sample571	49	1	28.9
Sample572	46	0	22.8
Sample573	48	0	28
Sample574	67	1	30.5
Sample575	52	1	33.9
Sample576	24	1	29.1
Sample577	42	0	28.6
Sample578	48	1	25.1
Sample579	20	0	23
Sample580	34	0	25.4
Sample581	14	0	26.6
Sample582	67	1	23.7
Sample583	41	1	28.6
Sample584	50	0	25.2
Sample585	62	0	27.7
Sample586	47	0	16.9
Sample587	62	0	28.9
Sample588	31	0	29.8
Sample589	52	1	23
Sample590	71	1	19.9
Sample591	47	0	24.9
Sample592	41	0	17.9
Sample593	40	0	21.7
Sample594	26	1	28.9
Sample595	62	1	27.3
Sample596	66	0	25.4
Sample597	51	1	21.3
Sample598	68	1	25
Sample599	47	0	30.1
Sample600	58	0	18
Sample601	60	1	24.9
Sample602	29	1	33.5
Sample603	38	0	31
Sample604	54	0	31.5
Sample605	60	1	24.6
Sample606	41	0	23.4
Sample607	48	1	19.3
Sample608	56	0	20.7
Sample609	31	0	22.9
Sample610	58	0	29
Sample611	49	1	16.6
Sample612	20	0	23.4
Sample613	57	1	18.5
Sample614	43	1	19.3
Sample615	39	0	28.4
Sample616	58	0	27.8
Sample617	58	1	14.1
Sample618	39	1	25.2
Sample619	33	1	27.8
Sample620	58	0	32.1
Sample621	31	0	29.9
Sample622	22	0	28
Sample623	37	1	31.9
Sample624	51	1	20.8
Sample625	48	1	25
Sample626	40	1	25.7
Sample627	42	1	25.9
Sample628	18	0	23.9
Sample629	40	1	16.2
Sample630	22	0	24.8
Sample631	45	1	22.3
Sample632	44	0	21.5
Sample633	39	1	31.6
Sample634	47	1	26.7
Sample635	16	0	21.1
Sample636	63	0	27.6
Sample637	49	1	31
Sample638	24	0	25.1
Sample639	72	0	21.4
Sample640	52	0	26.8
Sample641	66	0	29.7
Sample642	53	0	29.5
Sample643	26	0	32.5
Sample644	57	1	25.2
Sample645	48	1	34.6
Sample646	57	1	26
Sample647	39	1	28
Sample648	36	0	25.4
Sample649	65	0	26.4
Sample650	28	1	29
Sample651	66	1	15.7
Sample652	69	1	26.5
Sample653	57	0	29.1
Sample654	37	1	28.9
Sample655	63	0	25.3
Sample656	38	1	35.2
Sample657	21	0	24.9
Sample658	52	1	30.8
Sample659	28	0	33.1
Sample660	38	1	29.1
Sample661	31	0	29.9
Sample662	50	1	15.7
Sample663	48	0	26.6
Sample664	58	0	27.2
Sample665	50	0	24.5
Sample666	68	0	22.3
Sample667	71	0	27.6
Sample668	56	1	28.5
Sample669	44	0	25.1
Sample670	48	0	27.1
Sample671	32	1	23.7
Sample672	60	0	29.1
Sample673	51	0	28.9
Sample674	54	1	17.1
Sample675	46	1	27.7
Sample676	33	0	24.6
Sample677	68	0	28.2
Sample678	49	0	35.6
Sample679	57	1	26
Sample680	38	1	24.5
Sample681	72	0	22.1
Sample682	62	0	29.4
Sample683	40	0	23.4
Sample684	69	0	35.8
Sample685	51	0	20.4
Sample686	24	0	26.5
Sample687	23	0	27.4
Sample688	41	0	28.5
Sample689	59	0	32.4
Sample690	46	0	30
Sample691	49	1	30.4
Sample692	52	0	28.3
Sample693	13	0	26.5
Sample694	78	0	28.1
Sample695	54	1	27.9
Sample696	31	0	21.5
Sample697	42	1	26
Sample698	40	0	27.1
Sample699	39	0	21
Sample700	70	0	30.6
Sample701	64	1	27
Sample702	46	1	23
Sample703	67	1	28.4
Sample704	62	1	22.3
Sample705	77	1	24.3
Sample706	65	1	27.4
Sample707	79	1	28.8
Sample708	31	0	20.4
Sample709	42	1	24
Sample710	27	1	28.6
Sample711	45	1	27.2
Sample712	57	1	21.9
Sample713	36	0	25.2
Sample714	31	1	31.2
Sample715	41	0	20.9
Sample716	34	1	27.4
Sample717	49	0	21
Sample718	46	1	27.4
Sample719	45	0	31.6
Sample720	48	0	27.7
Sample721	39	1	16.2
Sample722	26	0	24
Sample723	48	0	26.2
Sample724	44	0	28.4
Sample725	30	1	32.2
Sample726	51	1	21.8
Sample727	43	1	30.3
Sample728	47	0	17.6
Sample729	54	0	25.3
Sample730	37	0	25.9
Sample731	58	0	24.9
Sample732	57	1	23.2
Sample733	76	1	29.6
Sample734	53	1	27.5
Sample735	25	0	26.4
Sample736	42	0	26.4
Sample737	40	0	26
Sample738	41	0	26.1
Sample739	31	0	29.7
Sample740	75	1	19.6
Sample741	48	0	20.8
Sample742	53	0	36.5
Sample743	66	1	24.2
Sample744	23	1	25.9
Sample745	41	1	25.8
Sample746	68	1	23.8
Sample747	41	0	21.5
Sample748	43	0	23.5
Sample749	48	1	31.5
Sample750	9	0	19.9
Sample751	47	1	27.2
Sample752	47	1	25.3
Sample753	45	0	26.3
Sample754	50	1	31.4
Sample755	62	0	23.6
Sample756	37	0	24.1
Sample757	64	1	28.2
Sample758	41	0	33.4
Sample759	33	1	33.1
Sample760	29	0	20.2
Sample761	57	0	26.8
Sample762	15	1	25.3
Sample763	49	0	24.9
Sample764	53	0	25.4
Sample765	60	1	20.6
Sample766	55	1	23.4
Sample767	61	1	20.5
Sample768	70	0	21.4
Sample769	55	0	28
Sample770	36	0	21.4
Sample771	54	1	26.5
Sample772	44	0	28.9
Sample773	51	1	27.3
Sample774	43	1	22.6
Sample775	88	1	35.1
Sample776	33	0	23.2
Sample777	40	0	27.5
Sample778	54	0	22.8
Sample779	26	1	30.2
Sample780	60	1	20.1
Sample781	63	1	25.8
Sample782	49	0	24
Sample783	49	0	27.9
Sample784	53	0	25.8
Sample785	33	0	34.4
Sample786	65	0	24.5
Sample787	46	0	26
Sample788	68	0	23.7
Sample789	47	0	26.7
Sample790	48	1	18.4
Sample791	44	0	24.5
Sample792	57	1	27.9
Sample793	44	0	23.7
Sample794	45	0	25.9
Sample795	45	1	21.8
Sample796	50	0	28.2
Sample797	65	0	26.5
Sample798	60	1	19.9
Sample799	71	0	24.6
Sample800	69	1	25.9
Sample801	53	0	28.3
Sample802	60	0	31.5
Sample803	70	0	27.4
Sample804	57	1	24.9
Sample805	55	0	24.1
Sample806	61	0	28.2
Sample807	49	0	23.3
Sample808	46	0	31.4
Sample809	53	0	29
Sample810	56	0	26.3
Sample811	21	0	27.5
Sample812	67	0	27.6
Sample813	37	0	23.3
Sample814	51	0	25.3
Sample815	67	0	25.7
Sample816	28	0	28.2
Sample817	53	1	21.6
Sample818	57	1	26.5
Sample819	49	0	26.7
Sample820	53	0	31.2
Sample821	57	0	30.8
Sample822	27	0	25.4
Sample823	45	1	31.3
Sample824	54	0	25.1
Sample825	50	0	26.6
Sample826	60	0	22.3
Sample827	66	1	20.3
Sample828	17	1	35.9
Sample829	42	0	20.4
Sample830	53	0	34.1
Sample831	36	1	26.2
Sample832	46	1	21.9
Sample833	57	1	27.1
Sample834	50	1	28.1
Sample835	32	0	24.7
Sample836	46	1	19.8
Sample837	29	1	28.5
Sample838	75	1	33.1
Sample839	63	0	19.1
Sample840	54	1	21.3
Sample841	13	0	23
Sample842	27	0	21.8
Sample843	63	1	24.5
Sample844	52	0	23.8
Sample845	15	0	23.7
Sample846	39	1	21.9
Sample847	29	0	29.3
Sample848	78	1	29.4
Sample849	29	0	30.7
Sample850	53	0	21.1
Sample851	17	0	24.5
Sample852	59	0	32.2
Sample853	65	0	20.8
Sample854	60	0	25.7
Sample855	31	1	11.2
Sample856	55	0	22.2
Sample857	48	0	22.2
Sample858	67	0	24.8
Sample859	55	1	21.3
Sample860	56	1	29.6
Sample861	60	1	16.9
Sample862	20	1	26.6
Sample863	47	1	24.3
Sample864	84	0	27.9
Sample865	43	1	22.5
Sample866	53	0	30.6
Sample867	49	0	21.2
Sample868	53	0	26.4
Sample869	48	1	29.6
Sample870	43	0	27.7
Sample871	42	1	28.3
Sample872	40	0	30.6
Sample873	56	0	25.1
Sample874	49	0	21.1
Sample875	55	0	24.9
Sample876	27	0	31.4
Sample877	44	1	26.4
Sample878	49	0	18.9
Sample879	51	0	23.5
Sample880	35	1	31
Sample881	52	0	22.4
Sample882	53	0	29.4
Sample883	53	1	24.7
Sample884	46	0	27.2
Sample885	51	0	24.3
Sample886	63	0	22.4
Sample887	47	1	24
Sample888	52	1	26
Sample889	35	0	25.7
Sample890	66	1	29.6
Sample891	39	0	30
Sample892	46	1	26.2
Sample893	53	1	25.8
Sample894	40	1	40.1
Sample895	32	0	24.5
Sample896	38	0	25.9
Sample897	53	0	30
Sample898	68	1	26.4
Sample899	74	0	24
Sample900	51	0	24.7
Sample901	46	0	27.8
Sample902	59	0	30.4
Sample903	81	1	23.3
Sample904	44	0	28.6
Sample905	54	0	23.3
Sample906	45	1	24.2
Sample907	75	1	24.8
Sample908	38	0	34.7
Sample909	94	0	23
Sample910	35	0	22.8
Sample911	44	1	26.3
Sample912	46	1	26.2
Sample913	29	0	23.1
Sample914	57	1	26.2
Sample915	23	0	31.8
Sample916	48	0	25.4
Sample917	17	0	26.1
Sample918	72	1	21.6
Sample919	52	1	20.7
Sample920	45	0	30.5
Sample921	65	0	26.6
Sample922	64	0	20.4
Sample923	49	0	20.2
Sample924	59	1	33.1
Sample925	34	0	27
Sample926	33	1	25.9
Sample927	60	1	26
Sample928	32	1	21.7
Sample929	45	0	23.7
Sample930	62	1	24
Sample931	68	1	21.6
Sample932	33	1	29.5
Sample933	48	1	21
Sample934	44	0	33.4
Sample935	42	1	29.2
Sample936	28	1	21.4
Sample937	45	0	29.5
Sample938	38	0	22.5
Sample939	32	0	26.9
Sample940	49	1	32.6
Sample941	57	0	21
Sample942	55	1	25.1
Sample943	45	0	23
Sample944	65	1	22
Sample945	66	1	33.6
Sample946	52	1	17
Sample947	32	1	22
Sample948	64	0	21.1
Sample949	44	1	27.2
Sample950	62	1	25.7
Sample951	47	0	22.1
Sample952	43	0	22.5
Sample953	20	1	20.7
Sample954	22	1	22.5
Sample955	58	0	31.3
Sample956	54	1	25.9
Sample957	51	1	26.5
Sample958	42	1	28.7
Sample959	49	1	19.4
Sample960	17	0	33.4
Sample961	36	0	23.3
Sample962	27	1	26.9
Sample963	24	1	29.8
Sample964	33	0	24.3
Sample965	29	1	22.2
Sample966	56	1	26.5
Sample967	38	0	18.9
Sample968	52	0	28.2
Sample969	34	1	22.9
Sample970	36	0	20.1
Sample971	73	1	26.1
Sample972	56	1	17.5
Sample973	58	0	27.4
Sample974	57	0	24.6
Sample975	21	0	30.7
Sample976	56	1	23.1
Sample977	46	1	24.2
Sample978	61	1	27
Sample979	52	0	22.7
Sample980	36	1	33.1
Sample981	47	1	17
Sample982	22	0	22.5
Sample983	56	0	23.8
Sample984	65	0	27.8
Sample985	28	0	22.2
Sample986	43	0	21.2
Sample987	44	0	32.1
Sample988	39	0	30.2
Sample989	41	0	29.4
Sample990	37	0	24.5
Sample991	40	0	31.3
Sample992	66	1	27
Sample993	21	1	27.9
Sample994	33	1	25.6
Sample995	65	1	31.4
Sample996	48	1	22.8
Sample997	46	1	29
Sample998	39	1	30.1
Sample999	50	0	19.6
Sample1000	60	1	25.1
Sample1001	41	0	18
Sample1002	62	0	28
Sample1003	37	0	36.1
Sample1004	62	1	27.8
Sample1005	39	0	19.2
Sample1006	46	0	21.5
Sample1007	54	0	27.1
Sample1008	46	0	31.4
Sample1009	21	0	27.7
Sample1010	56	0	16.5
Sample1011	71	0	23.8
Sample1012	51	0	26.8
Sample1013	31	0	27.7
Sample1014	50	0	17
Sample1015	45	0	23.7
Sample1016	66	1	27.3
Sample1017	43	0	30.9
Sample1018	50	0	24.2
Sample1019	66	1	28.3
Sample1020	68	1	20.8
Sample1021	51	0	21.9
Sample1022	41	1	30.9
Sample1023	22	0	31.4
Sample1024	52	0	18.9
Sample1025	72	1	23.8
Sample1026	40	0	24.3
Sample1027	57	1	27.7
Sample1028	31	1	29.6
Sample1029	56	1	23.3
Sample1030	62	1	32.8
Sample1031	23	0	26.2
Sample1032	34	0	29.4
Sample1033	60	0	23.5
Sample1034	41	0	15.1
Sample1035	36	0	31.5
Sample1036	34	1	29.4
Sample1037	45	0	22.3
Sample1038	43	0	24.2
Sample1039	75	0	21.5
Sample1040	35	1	28.9
Sample1041	50	1	26.8
Sample1042	52	1	22.8
Sample1043	47	1	26.1
Sample1044	53	0	26.9
Sample1045	22	1	19.6
Sample1046	33	1	24.5
Sample1047	51	0	22.6
Sample1048	70	1	18.6
Sample1049	46	1	27.7
Sample1050	64	0	23.4
Sample1051	62	1	24.9
Sample1052	76	1	20.7
Sample1053	64	1	27.2
Sample1054	52	0	25.9
Sample1055	37	0	27.2
Sample1056	60	1	35.3
Sample1057	56	0	31.3
Sample1058	61	0	21.6
Sample1059	46	0	27.4
Sample1060	54	0	26.7
Sample1061	75	0	26.7
Sample1062	56	1	23.8
Sample1063	28	1	18.8
Sample1064	32	1	27.6
Sample1065	45	1	26.5
Sample1066	42	0	26
Sample1067	36	0	33.4
Sample1068	59	0	19.5
Sample1069	47	1	26.4
Sample1070	15	0	26.1
Sample1071	43	0	24.2
Sample1072	56	1	30.7
Sample1073	64	0	30.1
Sample1074	63	0	26.6
Sample1075	61	1	32.7
Sample1076	56	0	27.1
Sample1077	57	0	25.5
Sample1078	38	0	24.4
Sample1079	37	0	24.7
Sample1080	27	0	26.1
Sample1081	58	1	27.9
Sample1082	56	1	19.7
Sample1083	67	0	18.3
Sample1084	33	0	22.2
Sample1085	30	0	27
Sample1086	63	0	28.9
Sample1087	61	0	30.9
Sample1088	53	1	30
Sample1089	15	1	20.4
Sample1090	61	0	19.6
Sample1091	62	1	22.8
Sample1092	32	0	19.8
Sample1093	65	0	26.9
Sample1094	82	1	17.8
Sample1095	48	1	22.2
Sample1096	65	1	24.4
Sample1097	49	1	21.8
Sample1098	36	0	25.3
Sample1099	37	0	38
Sample1100	38	1	26.5
Sample1101	41	0	29.5
Sample1102	35	0	17.6
Sample1103	56	1	23.4
Sample1104	34	0	19.8
Sample1105	86	1	22.3
Sample1106	76	1	26
Sample1107	48	0	26.1
Sample1108	20	1	26.8
Sample1109	17	1	20.9
Sample1110	57	0	35
Sample1111	39	1	29.9
Sample1112	59	0	21.4
Sample1113	42	1	27.7
Sample1114	59	1	16.8
Sample1115	22	0	25.3
Sample1116	45	0	19.2
Sample1117	59	0	27.4
Sample1118	34	1	25.4
Sample1119	70	1	26.8
Sample1120	42	0	26.2
Sample1121	40	0	26.9
Sample1122	45	0	23.6
Sample1123	74	0	26.9
Sample1124	42	0	23.2
Sample1125	44	0	20.7
Sample1126	45	1	28.4
Sample1127	59	1	24.3
Sample1128	55	0	28.7
Sample1129	52	0	29
Sample1130	57	1	27.7
Sample1131	26	1	34
Sample1132	77	0	22.4
Sample1133	54	0	31.8
Sample1134	42	0	22.4
Sample1135	49	0	29.2
Sample1136	19	0	30.8
Sample1137	56	1	29
Sample1138	87	1	21.6
Sample1139	31	0	28
Sample1140	69	0	30.1
Sample1141	47	0	15.6
Sample1142	57	0	23.2
Sample1143	46	0	28.6
Sample1144	35	0	21.9
Sample1145	78	0	26.7
Sample1146	48	1	28.3
Sample1147	62	1	30.5
Sample1148	38	0	22.4
Sample1149	60	0	21.5
Sample1150	32	0	29.3
Sample1151	53	1	21.4
Sample1152	27	0	27.2
Sample1153	37	0	25.3
Sample1154	14	0	28.8
Sample1155	75	0	29.3
Sample1156	32	0	26.5
Sample1157	46	1	25
Sample1158	32	0	23.5
Sample1159	62	0	31.6
Sample1160	70	1	22.1
Sample1161	66	1	24.1
Sample1162	64	0	19.8
Sample1163	53	1	20.2
Sample1164	46	1	23.7
Sample1165	34	0	26.2
Sample1166	62	0	23.4
Sample1167	56	1	23.1
Sample1168	45	1	22.9
Sample1169	61	1	20.2
Sample1170	45	0	23
Sample1171	54	1	29
Sample1172	43	1	28.2
Sample1173	54	0	25
Sample1174	54	1	22.6
Sample1175	39	0	28.4
Sample1176	36	1	27.5
Sample1177	24	0	20.5
Sample1178	27	0	30
Sample1179	49	0	25.8
Sample1180	56	1	26.2
Sample1181	44	1	26
Sample1182	26	1	23.3
Sample1183	46	0	20.1
Sample1184	57	1	35.8
Sample1185	40	1	22
Sample1186	12	1	30.6
Sample1187	56	1	22.5
Sample1188	63	1	25.7
Sample1189	53	1	22.9
Sample1190	57	0	20.1
Sample1191	37	1	26.6
Sample1192	50	0	22
Sample1193	75	1	23.7
Sample1194	21	0	23.6
Sample1195	50	1	18.4
Sample1196	41	1	30.3
Sample1197	49	1	23.6
Sample1198	47	0	23.8
Sample1199	83	1	27.3
Sample1200	57	0	31
Sample1201	49	0	18.8
Sample1202	55	0	22.5
Sample1203	44	0	24
Sample1204	52	1	22.1
Sample1205	52	0	25.7
Sample1206	57	0	23.9
Sample1207	67	0	20.7
Sample1208	52	0	30.7
Sample1209	66	0	21
Sample1210	45	0	31.1
Sample1211	56	0	20.1
Sample1212	43	0	27.4
Sample1213	52	0	27.1
Sample1214	41	0	25
Sample1215	41	0	28.7
Sample1216	45	0	23.6
Sample1217	61	1	29.7
Sample1218	23	1	21.8
Sample1219	48	0	28.2
Sample1220	48	1	28.4
Sample1221	29	0	24.5
Sample1222	61	1	13.3
Sample1223	45	0	29
Sample1224	36	0	33.8
Sample1225	47	1	25.3
Sample1226	37	0	27.8
Sample1227	64	1	31.5
Sample1228	40	0	26.1
Sample1229	34	0	28.3
Sample1230	58	1	34.5
Sample1231	32	1	25.9
Sample1232	57	1	25.2
Sample1233	27	0	22.1
Sample1234	73	0	23.1
Sample1235	44	1	25.4
Sample1236	74	0	19
Sample1237	58	0	28.6
Sample1238	69	0	27.3
Sample1239	46	1	24.1
Sample1240	51	0	20.3
Sample1241	54	0	28.9
Sample1242	39	0	16.6
Sample1243	59	0	25.5
Sample1244	29	1	29.2
Sample1245	63	0	27.4
Sample1246	54	0	29.3
Sample1247	28	0	20.4
Sample1248	61	1	24.1
Sample1249	52	1	29.6
Sample1250	31	1	21.8
Sample1251	62	1	29.5
Sample1252	35	1	25.1
Sample1253	59	0	31
Sample1254	49	0	29.8
Sample1255	65	1	17.7
Sample1256	65	1	26.9
Sample1257	49	0	33.3
Sample1258	59	1	20.8
Sample1259	60	1	26.1
Sample1260	48	1	29.6
Sample1261	25	0	26.9
Sample1262	53	0	25.5
Sample1263	55	0	21.9
Sample1264	55	0	29.9
Sample1265	66	0	27.7
Sample1266	65	0	15.1
Sample1267	28	0	27
Sample1268	47	0	26.3
Sample1269	54	0	27
Sample1270	38	1	30.9
Sample1271	45	0	25.5
Sample1272	22	1	20.5
Sample1273	53	1	30.2
Sample1274	20	0	21.6
Sample1275	37	1	30.4
Sample1276	38	0	31.6
Sample1277	58	0	27.1
Sample1278	40	1	32.9
Sample1279	49	1	30.5
Sample1280	53	1	23
Sample1281	52	1	28
Sample1282	48	1	23.7
Sample1283	45	1	23.9
Sample1284	91	0	29.2
Sample1285	52	0	28.4
Sample1286	59	0	19.3
Sample1287	69	1	34.7
Sample1288	50	1	30.1
Sample1289	39	1	26.2
Sample1290	65	1	22.8
Sample1291	75	1	26.1
Sample1292	32	0	24.8
Sample1293	85	1	25.4
Sample1294	69	1	26.4
Sample1295	26	0	24.8
Sample1296	31	0	22.1
Sample1297	29	1	36.2
Sample1298	31	0	29.8
Sample1299	69	1	21.3
Sample1300	41	1	24.7
Sample1301	73	1	23.2
Sample1302	33	0	16.3
Sample1303	62	1	33.1
Sample1304	46	0	23.6
Sample1305	8	0	26.7
Sample1306	57	1	23.5
Sample1307	28	0	23.3
Sample1308	63	1	24.4
Sample1309	32	0	29
Sample1310	26	0	22.5
Sample1311	35	1	23.9
Sample1312	35	0	35.1
Sample1313	34	0	26.9
Sample1314	54	0	26.7
Sample1315	46	0	24.4
Sample1316	59	1	24.9
Sample1317	57	0	19.1
Sample1318	66	1	24.1
Sample1319	41	0	24.5
Sample1320	40	0	24.4
Sample1321	44	0	28.2
Sample1322	44	1	22.3
Sample1323	36	0	34.1
Sample1324	65	1	27
Sample1325	48	0	23.5
Sample1326	85	1	31.5
Sample1327	32	1	30.8
Sample1328	50	1	27
Sample1329	25	0	22.2
Sample1330	33	1	25.7
Sample1331	53	0	12.3
Sample1332	48	0	31.3
Sample1333	48	0	24.5
Sample1334	53	1	26
Sample1335	41	0	33.4
Sample1336	55	1	32.9
Sample1337	68	0	23.6
Sample1338	41	1	24.3
Sample1339	44	0	20.1
Sample1340	40	0	30.1
Sample1341	47	1	28.2
Sample1342	67	0	24.9
Sample1343	28	0	27.9
Sample1344	50	0	27.6
Sample1345	48	1	20.1
Sample1346	39	0	24.2
Sample1347	33	1	20.8
Sample1348	48	0	22.6
Sample1349	23	0	22.4
Sample1350	51	1	28.3
Sample1351	38	1	14.8
Sample1352	43	1	27.8
Sample1353	49	1	25.7
Sample1354	29	0	30.2
Sample1355	48	1	24.3
Sample1356	64	0	34.9
Sample1357	53	0	22.4
Sample1358	43	0	19.6
Sample1359	51	0	23.7
Sample1360	56	0	26
Sample1361	53	1	29.8
Sample1362	41	0	26.3
Sample1363	59	1	30.7
Sample1364	33	1	21.9
Sample1365	66	1	25.9
Sample1366	54	1	28.9
Sample1367	51	0	21.4
Sample1368	61	1	23.8
Sample1369	83	1	28.9
Sample1370	60	1	25
Sample1371	40	1	26.9
Sample1372	58	1	31.1
Sample1373	51	0	24.1
Sample1374	60	0	24.3
Sample1375	32	1	34.4
Sample1376	29	0	31.8
Sample1377	36	0	19.6
Sample1378	59	1	29.2
Sample1379	49	1	31.5
Sample1380	33	1	22.8
Sample1381	27	1	30.1
Sample1382	34	0	26.5
Sample1383	63	0	34.2
Sample1384	58	1	18.7
Sample1385	53	0	24.5
Sample1386	58	1	21.6
Sample1387	51	0	29.9
Sample1388	64	0	24.9
Sample1389	39	1	27.3
Sample1390	47	0	24.6
Sample1391	27	1	29
Sample1392	53	1	32.5
Sample1393	40	0	27.3
Sample1394	23	0	28.3
Sample1395	25	0	26.8
Sample1396	40	0	24.5
Sample1397	54	1	29
Sample1398	32	1	27
Sample1399	38	0	28.9
Sample1400	71	1	22.6
Sample1401	24	1	32.6
Sample1402	68	1	23.4
Sample1403	50	0	24.9
Sample1404	47	0	27.7
Sample1405	49	1	19.2
Sample1406	73	1	26
Sample1407	48	1	18
Sample1408	50	0	25.6
Sample1409	39	1	23.5
Sample1410	50	0	28.2
Sample1411	64	0	32
Sample1412	40	1	25.2
Sample1413	40	1	33
Sample1414	78	1	31.1
Sample1415	43	0	25.4
Sample1416	48	0	30.9
Sample1417	33	0	24.4
Sample1418	35	0	27.5
Sample1419	71	0	22.1
Sample1420	51	1	30.1
Sample1421	56	0	29.4
Sample1422	24	0	27.4
Sample1423	38	0	24.5
Sample1424	35	1	24.6
Sample1425	38	1	24.3
Sample1426	68	0	24.9
Sample1427	34	0	28.3
Sample1428	39	0	22.6
Sample1429	71	0	28
Sample1430	23	0	25.2
Sample1431	34	0	30.4
Sample1432	58	0	26.1
Sample1433	10	1	22.6
Sample1434	61	1	24.6
Sample1435	71	1	20.5
Sample1436	27	1	21.6
Sample1437	40	1	18
Sample1438	39	0	19.6
Sample1439	36	0	34.5
Sample1440	33	0	28.5
Sample1441	27	1	33.2
Sample1442	33	1	21.5
Sample1443	42	1	26.2
Sample1444	35	1	28
Sample1445	46	1	21
Sample1446	68	0	21.4
Sample1447	52	1	32.5
Sample1448	67	0	28.4
Sample1449	42	0	28
Sample1450	36	0	27.3
Sample1451	35	0	33
Sample1452	40	1	32.3
Sample1453	42	0	29.4
Sample1454	70	0	24.5
Sample1455	13	0	30.7
Sample1456	49	0	28.6
Sample1457	58	1	28.7
Sample1458	57	0	26.7
Sample1459	72	0	26.1
Sample1460	57	0	26.3
Sample1461	57	0	21
Sample1462	72	1	24.7
Sample1463	46	0	23.2
Sample1464	22	0	34.1
Sample1465	51	0	13.9
Sample1466	36	1	23.9
Sample1467	34	0	30.7
Sample1468	34	0	20.4
Sample1469	64	0	24.3
Sample1470	47	0	20.7
Sample1471	49	0	21
Sample1472	60	1	30
Sample1473	71	1	22.4
Sample1474	64	0	29.4
Sample1475	58	0	30.2
Sample1476	62	1	22.8
Sample1477	57	0	24.7
Sample1478	74	0	29.8
Sample1479	44	0	22.5
Sample1480	83	0	19.4
Sample1481	71	1	36.8
Sample1482	36	0	20.1
Sample1483	67	0	30
Sample1484	27	1	20
Sample1485	39	1	30.3
Sample1486	73	0	27.3
Sample1487	42	0	28.1
Sample1488	49	0	27
Sample1489	39	0	29.4
Sample1490	40	0	28.5
Sample1491	38	0	22.4
Sample1492	75	1	19.5
Sample1493	59	0	20.7
Sample1494	33	1	27.4
Sample1495	37	0	32.8
Sample1496	19	0	28.6
Sample1497	28	0	20.7
Sample1498	55	0	22.6
Sample1499	47	1	29.6
Sample1500	43	1	27.2
Sample1501	42	0	27.7
Sample1502	33	1	26.1
Sample1503	43	1	23.7
Sample1504	53	1	19.9
Sample1505	80	1	34.7
Sample1506	55	1	28.5
Sample1507	24	1	30.8
Sample1508	68	0	22.1
Sample1509	55	0	29
Sample1510	43	0	30.5
Sample1511	34	0	25.5
Sample1512	93	0	27.8
Sample1513	47	0	29.3
Sample1514	50	0	21.4
Sample1515	37	0	29.7
Sample1516	89	1	17.3
Sample1517	41	1	22.9
Sample1518	39	1	22.1
Sample1519	45	1	20.9
Sample1520	43	1	27.7
Sample1521	46	0	25.3
Sample1522	58	1	24.2
Sample1523	69	1	27.2
Sample1524	40	0	29.9
Sample1525	23	0	17.2
Sample1526	37	1	24.3
Sample1527	42	1	22
Sample1528	51	0	28.1
Sample1529	65	0	24.8
Sample1530	36	1	29.1
Sample1531	30	0	18.6
Sample1532	50	0	27.1
Sample1533	77	0	32.7
Sample1534	49	0	18.7
Sample1535	35	1	28.5
Sample1536	56	0	19.6
Sample1537	59	0	21.1
Sample1538	55	1	30.1
Sample1539	43	1	27.4
Sample1540	42	1	31.6
Sample1541	58	1	20.8
Sample1542	28	1	22.2
Sample1543	64	0	23.3
Sample1544	50	0	22
Sample1545	42	0	21.1
Sample1546	55	1	28
Sample1547	57	1	15
Sample1548	25	0	21.7
Sample1549	14	1	29.2
Sample1550	15	0	30.3
Sample1551	44	0	23.7
Sample1552	41	0	21.7
Sample1553	13	0	17.4
Sample1554	46	0	22.8
Sample1555	83	0	24.3
Sample1556	60	1	27.4
Sample1557	33	1	31.1
Sample1558	38	0	18.7
Sample1559	95	0	25.9
Sample1560	47	0	23.4
Sample1561	52	0	29.6
Sample1562	44	1	20.8
Sample1563	69	0	33
Sample1564	58	0	22
Sample1565	50	1	32.7
Sample1566	82	1	24.1
Sample1567	43	0	21.7
Sample1568	48	1	25.8
Sample1569	54	0	29.6
Sample1570	71	0	27.7
Sample1571	40	0	28.3
Sample1572	57	0	26.8
Sample1573	49	0	27.6
Sample1574	63	1	29.7
Sample1575	27	1	31.2
Sample1576	42	0	26
Sample1577	26	0	30.5
Sample1578	57	1	25
Sample1579	65	0	23.9
Sample1580	74	1	29.5
Sample1581	44	1	18.6
Sample1582	36	1	30.8
Sample1583	46	1	21.9
Sample1584	50	1	29.2
Sample1585	36	1	33.6
Sample1586	51	0	26.6
Sample1587	50	1	28.1
Sample1588	30	0	26.9
Sample1589	28	0	30.8
Sample1590	50	1	25.5
Sample1591	43	1	30
Sample1592	54	0	26.9
Sample1593	45	0	26.8
Sample1594	42	1	28.8
Sample1595	35	1	27.9
Sample1596	16	0	26.5
Sample1597	61	0	20.9
Sample1598	66	0	18.5
Sample1599	29	1	22.1
Sample1600	53	0	17.5
Sample1601	28	0	21.4
Sample1602	30	0	22.9
Sample1603	61	0	21.6
Sample1604	62	0	25.3
Sample1605	18	0	22.3
Sample1606	37	1	31.4
Sample1607	47	0	26
Sample1608	42	1	12.9
Sample1609	37	1	31.1
Sample1610	63	0	21.1
Sample1611	48	1	23.1
Sample1612	45	0	34.3
Sample1613	45	1	26.8
Sample1614	41	0	23.9
Sample1615	37	0	22.1
Sample1616	52	1	27.4
Sample1617	21	1	29.6
Sample1618	54	1	24
Sample1619	53	1	24.3
Sample1620	58	0	21.1
Sample1621	40	0	28.3
Sample1622	43	1	24.7
Sample1623	42	1	27.2
Sample1624	51	0	29.9
Sample1625	39	1	25.9
Sample1626	42	1	24.9
Sample1627	43	0	24.9
Sample1628	25	0	22
Sample1629	54	0	21.6
Sample1630	69	0	29.7
Sample1631	61	0	34.9
Sample1632	29	1	28.2
Sample1633	67	1	31.3
Sample1634	40	0	23.2
Sample1635	70	1	32
Sample1636	28	1	29.4
Sample1637	68	0	16.5
Sample1638	34	0	18.1
Sample1639	69	0	27.6
Sample1640	52	1	25.6
Sample1641	49	1	25.9
Sample1642	34	0	31.7
Sample1643	67	1	20.8
Sample1644	38	0	19
Sample1645	58	1	23.5
Sample1646	61	0	23.3
Sample1647	35	0	29.7
Sample1648	29	1	21.4
Sample1649	44	0	22.7
Sample1650	47	0	26.4
Sample1651	68	0	26.9
Sample1652	40	1	25.9
Sample1653	40	0	29
Sample1654	38	0	24.6
Sample1655	50	0	23.5
Sample1656	76	0	21.5
Sample1657	24	1	26.9
Sample1658	63	0	18.7
Sample1659	51	0	24.5
Sample1660	45	0	24.5
Sample1661	25	0	34.7
Sample1662	40	1	24.4
Sample1663	46	1	19.1
Sample1664	39	0	27
Sample1665	55	1	26.2
Sample1666	48	1	26.5
Sample1667	51	0	24.1
Sample1668	39	1	24.3
Sample1669	49	1	24.7
Sample1670	36	1	27.3
Sample1671	44	0	33.7
Sample1672	59	1	24
Sample1673	58	0	16.5
Sample1674	51	0	29.6
Sample1675	47	0	26.2
Sample1676	45	0	23.8
Sample1677	56	0	24.3
Sample1678	52	0	16.5
Sample1679	41	0	16.1
Sample1680	37	0	24.8
Sample1681	74	1	24.2
Sample1682	41	0	22.8
Sample1683	30	0	27.5
Sample1684	53	0	21.1
Sample1685	58	0	28.5
Sample1686	26	0	21.2
Sample1687	70	0	20.3
Sample1688	39	1	14.1
Sample1689	53	1	23.8
Sample1690	70	1	27.7
Sample1691	58	1	23.5
Sample1692	62	0	35.3
Sample1693	43	1	32.4
Sample1694	69	1	28.3
Sample1695	35	1	25.2
Sample1696	85	1	26.8
Sample1697	74	1	17.9
Sample1698	44	0	24.5
Sample1699	68	0	18.4
Sample1700	66	1	30.8
Sample1701	36	1	26.8
Sample1702	54	1	22.8
Sample1703	53	0	29.9
Sample1704	70	0	32.4
Sample1705	37	0	24.8
Sample1706	37	1	26
Sample1707	36	0	25.4
Sample1708	46	0	26.6
Sample1709	23	0	25.8
Sample1710	44	0	27.9
Sample1711	40	1	28.5
Sample1712	26	1	25
Sample1713	56	0	22
Sample1714	76	0	21.8
Sample1715	48	0	33.7
Sample1716	50	1	23.8
Sample1717	39	0	23.5
Sample1718	73	1	21.6
Sample1719	42	0	18.9
Sample1720	45	0	21.3
Sample1721	33	0	23.1
Sample1722	39	1	13
Sample1723	48	1	17.2
Sample1724	51	1	21.8
Sample1725	38	1	27.4
Sample1726	35	0	26.8
Sample1727	29	0	34
Sample1728	51	1	24.6
Sample1729	45	1	20.4
Sample1730	49	1	22.6
Sample1731	37	1	22.1
Sample1732	69	1	24.7
Sample1733	52	1	29
Sample1734	42	1	19.4
Sample1735	63	0	29.2
Sample1736	44	1	21.2
Sample1737	27	0	27.9
Sample1738	37	1	27.4
Sample1739	75	1	22.7
Sample1740	41	0	33.8
Sample1741	45	1	28.9
Sample1742	32	1	20.2
Sample1743	44	0	24.9
Sample1744	43	0	22.8
Sample1745	58	1	21.8
Sample1746	57	1	25.6
Sample1747	51	0	29.3
Sample1748	29	1	23.5
Sample1749	33	1	18.3
Sample1750	49	0	24.8
Sample1751	38	1	25
Sample1752	62	1	25.8
Sample1753	44	0	28.5
Sample1754	63	0	29.7
Sample1755	56	0	17.5
Sample1756	41	0	24.9
Sample1757	63	0	24.6
Sample1758	54	0	26.2
Sample1759	50	0	23.7
Sample1760	32	0	17.1
Sample1761	27	0	20.5
Sample1762	45	0	28.1
Sample1763	67	1	25.5
Sample1764	48	1	30.9
Sample1765	76	1	31.3
Sample1766	30	0	23.7
Sample1767	46	0	26.5
Sample1768	76	1	22.9
Sample1769	52	1	19.8
Sample1770	54	0	32.9
Sample1771	74	0	20.4
Sample1772	70	1	20.2
Sample1773	62	1	26.9
Sample1774	60	0	27.3
Sample1775	64	0	31.5
Sample1776	64	0	30.1
Sample1777	51	0	35.5
Sample1778	45	1	27.1
Sample1779	71	1	33.9
Sample1780	54	1	23.1
Sample1781	51	1	26.5
Sample1782	29	1	23
Sample1783	25	0	28.8
Sample1784	42	1	20.2
Sample1785	42	1	29.1
Sample1786	48	1	15.6
Sample1787	45	0	25.5
Sample1788	78	1	37.3
Sample1789	24	1	22.3
Sample1790	20	1	29.5
Sample1791	50	1	22.7
Sample1792	46	1	23
Sample1793	41	0	21
Sample1794	73	0	20.2
Sample1795	51	0	27.8
Sample1796	35	1	22.7
Sample1797	21	1	28.1
Sample1798	56	1	18.8
Sample1799	60	1	23.4
Sample1800	58	1	18
Sample1801	59	0	25.3
Sample1802	34	0	23.5
Sample1803	39	0	26.1
Sample1804	51	1	34.7
Sample1805	49	0	24
Sample1806	48	1	18.6
Sample1807	88	1	26
Sample1808	48	0	28
Sample1809	55	0	26.1
Sample1810	59	0	23
Sample1811	54	0	28.3
Sample1812	51	0	29.2
Sample1813	58	1	23.3
Sample1814	49	0	25.6
Sample1815	83	1	19.8
Sample1816	86	0	27.3
Sample1817	64	1	20.6
Sample1818	40	1	22.3
Sample1819	37	0	35.8
Sample1820	57	0	27.7
Sample1821	35	0	22.3
Sample1822	77	1	20
Sample1823	28	0	24.2
Sample1824	58	1	27.9
Sample1825	80	0	17.2
Sample1826	52	0	26.7
Sample1827	48	0	14.1
Sample1828	27	1	28.4
Sample1829	27	1	27.8
Sample1830	33	0	20.8
Sample1831	59	0	26.4
Sample1832	69	1	27.5
Sample1833	39	1	22.7
Sample1834	76	0	22.4
Sample1835	62	1	29.2
Sample1836	48	1	23.6
Sample1837	31	0	34.5
Sample1838	78	0	26.8
Sample1839	62	0	21.1
Sample1840	46	0	25.4
Sample1841	61	0	27.7
Sample1842	21	0	29.3
Sample1843	49	0	24.6
Sample1844	39	0	31.5
Sample1845	24	1	27.7
Sample1846	29	0	28.4
Sample1847	41	0	19.9
Sample1848	55	0	25.3
Sample1849	61	1	28.4
Sample1850	23	1	20
Sample1851	42	1	34
Sample1852	39	0	26.9
Sample1853	42	0	30.2
Sample1854	44	0	28.7
Sample1855	58	0	38
Sample1856	82	1	31.3
Sample1857	64	0	23.1
Sample1858	37	0	28.7
Sample1859	44	0	26.4
Sample1860	48	1	27.2
Sample1861	29	1	25.9
Sample1862	29	1	17.8
Sample1863	53	0	30.7
Sample1864	61	0	28
Sample1865	40	1	20.4
Sample1866	35	1	19.9
Sample1867	47	0	31
Sample1868	36	0	19.1
Sample1869	56	0	28.1
Sample1870	41	0	26.9
Sample1871	69	0	27.5
Sample1872	10	0	28.5
Sample1873	49	1	31.7
Sample1874	62	0	29.3
Sample1875	51	0	15.4
Sample1876	66	0	22.7
Sample1877	56	1	20.7
Sample1878	40	1	27.2
Sample1879	58	0	28.9
Sample1880	52	0	26.5
Sample1881	58	0	22.4
Sample1882	55	0	27.9
Sample1883	36	1	28.1
Sample1884	58	1	23.9
Sample1885	29	1	28
Sample1886	78	0	24.3
Sample1887	38	0	26.2
Sample1888	45	0	27.7
Sample1889	51	0	29.2
Sample1890	28	0	25.4
Sample1891	64	0	30.4
Sample1892	55	0	29.4
Sample1893	63	1	21.3
Sample1894	42	1	31
Sample1895	54	0	28.5
Sample1896	56	0	31.9
Sample1897	45	0	29.2
Sample1898	42	0	22.9
Sample1899	38	0	31.7
Sample1900	36	1	28.1
Sample1901	34	0	21.3
Sample1902	59	1	20.1
Sample1903	56	1	24.7
Sample1904	75	1	22.6
Sample1905	54	0	28.9
Sample1906	49	1	33.2
Sample1907	50	1	25.3
Sample1908	42	0	24.4
Sample1909	38	0	23.8
Sample1910	55	1	22.8
Sample1911	75	0	27.9
Sample1912	53	0	22.9
Sample1913	49	1	31
Sample1914	64	0	30.1
Sample1915	64	0	26.8
Sample1916	29	1	25.3
Sample1917	39	1	25.4
Sample1918	62	0	22.7
Sample1919	64	1	27.4
Sample1920	30	0	29.2
Sample1921	77	0	25.5
Sample1922	30	0	34.4
Sample1923	38	1	28.7
Sample1924	48	0	29.8
Sample1925	43	1	22.1
Sample1926	38	1	28.1
Sample1927	50	0	20.3
Sample1928	15	1	20.9
Sample1929	10	1	32.5
Sample1930	47	0	30.1
Sample1931	43	1	26
Sample1932	51	0	26
Sample1933	13	0	30
Sample1934	33	0	31.6
Sample1935	39	1	19.3
Sample1936	58	0	23.9
Sample1937	89	0	25.8
Sample1938	48	1	22.3
Sample1939	49	0	23.3
Sample1940	53	1	34.2
Sample1941	48	0	22.8
Sample1942	78	0	28.9
Sample1943	56	1	23.4
Sample1944	58	0	31.4
Sample1945	50	0	17
Sample1946	31	0	28.4
Sample1947	43	1	21.6
Sample1948	31	0	27.5
Sample1949	48	1	24.8
Sample1950	58	1	22.5
Sample1951	33	0	34.1
Sample1952	51	1	26.2
Sample1953	57	0	28.6
Sample1954	32	0	18.9
Sample1955	41	0	20.5
Sample1956	35	0	26.5
Sample1957	62	0	20.2
Sample1958	55	0	27.2
Sample1959	18	0	29.5
Sample1960	53	1	22.9
Sample1961	39	1	29.3
Sample1962	45	0	21.5
Sample1963	48	0	27.1
Sample1964	61	1	19.5
Sample1965	52	0	24.3
Sample1966	71	0	25.5
Sample1967	93	0	18.8
Sample1968	29	0	25
Sample1969	59	1	22.7
Sample1970	16	1	19.8
Sample1971	55	0	24.3
Sample1972	77	1	26.9
Sample1973	60	1	23.7
Sample1974	51	0	25.7
Sample1975	44	0	25.6
Sample1976	41	0	19.6
Sample1977	43	0	31.8
Sample1978	45	0	25.6
Sample1979	66	1	23.8
Sample1980	54	1	18.4
Sample1981	18	0	25.5
Sample1982	62	0	34
Sample1983	54	0	24.7
Sample1984	39	1	15.5
Sample1985	42	1	25
Sample1986	21	0	20.3
Sample1987	43	0	28.1
Sample1988	55	0	21.8
Sample1989	77	0	19.6
Sample1990	65	0	30.7
Sample1991	61	1	28.7
Sample1992	34	0	22.3
Sample1993	63	0	22.4
Sample1994	47	1	26.7
Sample1995	69	1	26.1
Sample1996	56	0	30
Sample1997	53	0	23.7
Sample1998	64	0	32.6
Sample1999	43	0	31.2
Sample2000	27	0	18.9
